[header]
width=40
height=50
tilewidth=16
tileheight=16

[tilesets]
tileset=../Sprites/59984.png,16,16,0,0
tileset=../Sprites/tileType16.png,16,16,0,0
tileset=../Sprites/ganon.png,16,16,0,0
tileset=../Sprites/Zelda.png,16,16,0,0

[layer]
type=Tile Layer 1
data=
3342,3343,3152,3153,3247,3152,3152,3153,3152,3152,3247,3152,3153,3154,3247,3247,3152,3153,3152,3247,3152,3153,3154,3152,3153,3154,3154,3152,3153,3152,3152,3152,3153,3342,3152,3342,3152,3153,3154,3249,
3342,3343,3152,3153,3342,3247,3152,3152,3152,3247,3342,3152,3152,3153,3342,3342,3152,3152,3247,3342,3152,3152,3152,3247,3152,3152,3153,3152,3153,3247,3247,3152,3152,3342,3152,3342,3247,3152,3153,3154,
3342,3343,3247,3248,3249,3342,3152,3247,3152,3342,3342,3247,3152,3152,3342,3343,3247,3247,3342,3342,3247,3152,3247,3342,3247,3152,3152,3152,3153,3342,3342,3247,3247,3342,3152,3152,3342,3152,3153,3154,
3342,3343,3342,3343,3344,3247,3152,3342,3152,3342,3343,3342,3247,3247,3342,3343,3342,3342,3342,3343,3342,3247,3342,3343,3342,3247,3247,3152,3153,3342,3343,3342,3342,3343,3152,3152,3153,3152,3152,3153,
3342,3343,3247,3248,3249,3152,3247,3342,3152,3342,3343,3344,3342,3342,3342,3343,3344,3342,3343,3344,3344,3342,3342,3343,3344,3342,3342,3152,3152,3342,3343,3152,3342,3343,3152,3152,3153,3152,3152,3153,
3248,3249,3342,3343,3344,3247,3342,3343,3152,3342,3343,3344,3344,267,268,269,270,270,271,272,273,274,275,275,276,277,278,3247,3247,3342,3152,3153,3342,3343,3152,3247,3248,3152,3152,3153,
3343,3344,3342,3343,3344,3342,3342,3343,3152,3153,3342,3343,3344,362,363,364,365,365,366,367,368,369,370,370,371,372,373,3342,3342,3152,3153,3152,3342,3343,3247,3342,3343,3152,3152,3153,
3343,3344,3342,3343,3344,3152,3342,3343,3152,3153,3154,455,456,457,458,459,460,460,461,462,463,464,465,465,466,467,468,469,470,3152,3153,3247,3248,3249,3342,3342,3247,3152,3152,3153,
3343,3344,3249,3249,3344,3152,3342,3343,3152,3153,3154,550,551,552,553,554,557,558,558,557,557,558,558,558,561,562,563,564,565,3152,3153,3342,3343,3344,3154,3152,3342,3247,3152,3153,
3342,3343,3344,3344,3154,3152,3153,3154,3152,3153,3154,645,646,1502,1503,459,555,556,653,652,652,653,555,556,466,1502,1503,659,660,3152,3153,3342,3343,3344,3154,3247,3247,3342,3152,3153,
3344,3247,3247,3152,3153,3154,3152,3153,3154,3153,3154,740,741,1502,1503,554,650,651,557,747,747,748,650,651,561,1502,1503,754,755,3152,3153,3342,3343,3344,3152,3153,3154,3153,3154,3152,
3249,3342,3152,3152,3153,3152,3247,3248,3249,3153,3154,835,836,1502,1503,649,745,746,652,652,652,652,745,746,656,1502,1503,849,850,3152,3153,3342,3343,3344,3152,3153,3154,3152,3342,3343,
3344,3154,3247,3152,3153,3247,3342,3343,3344,3154,3154,930,931,1502,1503,744,747,747,747,747,747,747,747,748,751,1502,1503,944,945,3152,3152,3342,3343,3344,3152,3153,3154,3152,3342,3343,
3248,3249,3154,3153,3154,3342,3343,3344,3249,3249,3249,1025,1026,1502,1503,839,840,840,841,842,843,844,845,840,846,1502,1503,1039,1040,3247,3247,3342,3343,3344,3152,3152,3153,3152,3342,3343,
3343,3344,3249,3154,3154,3342,3343,3344,3344,3344,3344,930,931,1502,1503,1502,1502,1503,936,937,938,939,1502,1502,1502,1502,1503,944,945,3342,3342,3342,3343,3344,3247,3152,3152,3342,3343,3247,
3342,3343,3152,3152,3249,3344,3154,3155,3156,3157,3158,1690,1691,1502,1503,1597,1597,1598,1031,1032,1033,1034,1502,1502,1597,1502,1503,1704,1705,3177,3178,3342,3343,3344,3342,3152,3152,3342,3343,3247,
3342,3343,3152,3152,3344,3248,3249,3250,3251,3252,3253,1785,1786,1502,1502,1597,1502,1503,1126,1127,1128,1129,1502,1597,1597,1502,1503,1799,1800,3272,3273,3274,3275,3276,3277,3152,3342,3343,3247,3342,
3342,3247,3152,3152,3342,3343,3344,3345,3346,3347,3348,1880,1881,1597,1597,1597,1597,1598,1221,1222,1223,1224,1597,1597,1598,1597,1598,1894,1895,3367,3368,3369,3370,3371,3372,3152,3152,3342,3343,3247,
3152,3342,3247,3152,3437,3438,3439,3440,3441,3442,1597,1597,1598,1597,1597,1597,1597,1597,1791,1792,1793,1794,1597,1597,1597,1597,1598,1597,1597,1598,3463,3464,3465,3466,3467,3247,3152,3342,3343,3247,
3247,3247,3342,3152,3532,3533,3534,3535,3536,1597,1597,3539,3540,3541,3542,2071,2072,3545,1886,1887,1888,1889,3550,2071,2072,3553,3554,3555,3556,1597,1597,3559,3560,3561,3562,3342,3152,3342,3343,3247,
3153,3154,3153,3154,3627,3628,3629,3630,1597,1597,1597,3634,3635,3636,3637,3638,3639,3640,3641,3642,3643,3644,3645,3646,3647,3648,3649,3650,3651,1597,1597,1597,3655,3656,3657,3342,3152,3342,3343,3247,
3153,3154,3153,3154,3722,-1073737977,-1073737978,1597,1598,1598,1598,3729,3730,3731,3732,3733,3734,3735,3736,3737,3738,3739,3740,3741,3742,3743,3744,3745,3746,1597,1597,1598,1597,3751,3752,3342,3152,3342,3343,3247,
3153,3154,3154,3154,3817,-1073738072,-1073738073,1597,1597,1597,1598,3824,3825,3826,3827,3828,3829,3830,3831,3832,3833,3834,3835,3836,3837,3838,3839,3840,3841,1597,1598,1597,1598,3846,3847,3342,3152,3342,3343,3247,
3152,3153,3154,3154,3912,-1073737882,3914,2071,2072,2071,2072,3919,3920,3921,3922,3923,3924,3925,3926,3927,3928,3929,3930,3931,3932,3933,3934,3935,3936,2071,2072,2071,2072,3941,3942,3152,3342,3343,3247,3342,
3152,3153,3154,3154,4007,4008,4009,4010,4011,4034,4034,4014,4015,4016,4017,4116,4117,4020,4021,4022,4023,4024,4025,4116,4117,4028,4029,4030,4031,4034,4034,4034,4035,4036,4037,3152,3342,3343,3247,3342,
3152,3153,3154,3154,4102,4103,4104,4105,4106,4109,4109,4109,4110,4111,4112,4211,4212,4115,4116,4117,4118,4119,4120,4116,4117,4123,4124,4125,4126,4109,4109,4129,4130,4131,4132,3152,3342,3343,3247,3342,
3152,3153,3154,3154,4197,4198,4199,4200,4201,4202,4203,4204,4205,4206,4207,4211,4212,4210,4211,4212,4213,4214,4215,4211,4212,4218,4219,4220,4221,4222,4223,4224,4225,4226,4227,3152,3342,3343,3247,3342,
3152,3153,3154,3154,4292,4293,4294,4295,4296,4116,4117,4299,4300,4301,4116,4117,4304,4305,4306,4307,4308,4309,4310,4311,4116,4117,4314,4315,4316,4116,4117,4319,4320,4321,4322,3152,3342,3343,3247,3342,
3152,3153,3154,3154,4387,4293,4294,4295,4391,4116,4117,4394,4395,4396,4211,4212,4399,4400,4401,4402,4403,4404,4405,4406,4116,4117,4409,4410,4411,4116,4117,4414,4415,4416,4417,3152,3342,3343,3247,3342,
3152,3153,3154,3154,4482,4293,4294,4295,4486,4211,4212,4489,4490,4491,4211,4212,4494,4495,4496,4497,4498,4499,4500,4501,4211,4212,4504,4505,4506,4211,4212,4509,4320,4321,4322,3152,3342,3343,3247,3342,
3152,3153,3154,3154,4577,4293,4294,4295,4581,4582,4583,4584,4585,4586,4587,4588,4589,4590,4591,4592,4593,4594,4595,4596,4597,4598,4599,4600,4601,4602,4603,4604,4320,4321,4322,3152,3342,3343,3247,3342,
3152,3153,3154,3154,4672,4388,4389,4390,4676,4677,4678,4679,4680,4681,4682,4683,4684,4685,4686,4687,4688,4689,4690,4691,4692,4693,4694,4695,4696,4697,4698,4699,4415,4416,4417,3152,3342,3343,3247,3342,
3152,3153,3154,3154,4767,4768,4769,4770,4771,4772,4773,4774,4775,4776,4777,4778,4779,4780,4781,4782,4783,4784,4785,4786,4787,4788,4789,4790,4791,4792,4793,4794,4795,4796,4797,3247,3152,3342,3343,3247,
3152,3153,3154,3154,4862,4863,4864,4865,4866,4867,4868,4869,4870,4871,4872,4873,4874,4875,4876,4877,4878,4879,4880,4881,4882,4883,4884,4885,4886,4887,4888,4889,4890,4891,4892,3342,3152,3342,3343,3247,
3152,3153,3154,3154,4957,4958,4959,4960,4961,4962,4963,4964,4965,4966,4967,4968,4969,4970,4971,4972,4973,4974,4975,4976,4977,4978,4979,4980,4981,4982,4983,4984,4985,4986,4987,3342,3152,3342,3343,3247,
3152,3153,3154,3154,5052,5053,5054,5055,5056,5057,5058,5059,5060,5061,5062,5063,5064,5065,5066,5067,5068,5069,5070,5071,5072,5073,5074,5075,5076,5077,5078,5079,5080,5081,5082,3342,3152,3342,3343,3247,
3152,3153,3154,3154,5147,5148,5149,5150,5151,5152,5153,5154,5155,5156,5157,5158,5159,5160,5161,5162,5163,5164,5165,5166,5167,5168,5169,5170,5171,5172,5173,5174,5175,3152,3152,3342,3343,3247,3342,3343,
3152,3153,3154,3154,5242,5243,5244,5245,5246,5247,5248,5249,5250,5251,5252,5253,5254,5255,5256,5257,5258,5259,5260,5261,5262,5263,5264,5265,5266,5267,5268,5269,5270,3247,3247,3248,3249,3342,3342,3247,
3152,3153,3154,3154,3152,5338,5339,5340,5341,5342,5343,5344,5345,5346,5347,5348,5349,5350,5351,5352,5353,5354,5355,5356,5357,5358,5359,5360,5361,5362,5363,3152,3152,3342,3342,3343,3344,3154,3152,3342,
3153,3154,3154,3154,3152,5433,5434,5435,5436,5437,5438,5439,5440,5441,5442,5443,5444,5445,5446,5447,5448,5449,5450,5451,5452,5453,5454,5455,5456,5457,3152,3247,3247,3342,3342,3343,3344,3154,3247,3247,
3153,3154,3154,3154,3152,5528,5529,5530,5531,5532,5533,5534,5535,5536,5537,5538,5539,5540,5541,5542,5543,5544,5545,5546,5547,5548,5549,5550,3152,3342,3343,3247,3342,3343,3152,3152,3344,3152,3153,3154,
3152,3153,3154,3154,3152,3152,5624,5625,5626,5627,5628,5629,5630,5631,5632,5633,5634,5635,5636,5637,5638,5639,5640,5641,5642,5643,5644,5645,3247,3248,3249,3342,3342,3247,3152,3152,3344,3152,3153,3154,
3152,3153,3154,3154,3154,3152,3152,3152,3152,5722,5723,5724,5725,5726,5727,5728,5729,5730,5731,5732,5733,5734,5735,5736,5737,5738,5739,5740,3342,3343,3344,3154,3152,3342,3247,3152,3344,3152,3153,3154,
3152,3153,3154,3154,3154,3152,3152,3152,3152,5817,5818,5819,5820,5821,5822,5823,5824,5825,5826,5827,5828,5829,5830,5831,5832,5833,5834,5835,3342,3343,3344,3154,3247,3247,3342,3152,3344,3152,3152,3153,
3152,3153,3154,3154,3154,3152,3152,3152,3152,3343,3152,3152,5915,5916,5917,5918,5919,5920,5921,5922,5923,5924,5925,5926,5927,5928,5929,5930,3342,3343,3344,3152,3153,3154,3153,3154,3152,3152,3153,3154,
3152,3152,3153,3154,3154,3154,3152,3152,3152,3247,3152,3152,3247,3342,3343,3152,3152,3342,3343,3247,3342,3343,3152,3152,3342,3343,3247,3342,3342,3343,3344,3152,3153,3154,3153,3154,3152,3152,3153,3154,
3152,3152,3153,3154,3154,3154,3154,3154,3154,3342,3247,3152,3342,3342,3247,3152,3152,3248,3249,3342,3342,3247,3152,3247,3248,3249,3342,3342,3342,3343,3344,3152,3153,3154,3154,3154,3153,3154,3154,3152,
3152,3152,3153,3154,3154,3154,3154,3154,3154,3247,3342,3152,3154,3152,3342,3247,3152,3343,3344,3154,3152,3342,3247,3342,3343,3344,3154,3152,3342,3343,3344,3152,3152,3153,3154,3154,3154,3154,3247,3152,
3344,3152,3152,3153,3154,3154,3154,3154,3154,3154,3153,3154,3154,3247,3247,3342,3152,3343,3344,3154,3247,3247,3342,3342,3343,3344,3154,3247,3247,3342,3152,3342,3342,3343,3344,3154,3247,3247,3342,3152,
3344,3152,3152,3153,3154,3154,3154,3154,3154,3154,3153,3154,3152,3153,3154,3153,3154,3343,3344,3152,3153,3154,3153,3342,3343,3344,3152,3153,3154,3153,3154,3342,3342,3343,3344,3152,3153,3154,3153,3154

[layer]
type=Ganon
data=
0,0,0,0,0,0,0,0,0,0,0,0,0,0,0,0,0,0,0,0,0,0,0,0,0,0,0,0,0,0,0,0,0,0,0,0,0,0,0,0,
0,0,0,0,0,0,0,0,0,0,0,0,0,0,0,0,0,0,0,0,0,0,0,0,0,0,0,0,0,0,0,0,0,0,0,0,0,0,0,0,
0,0,0,0,0,0,0,0,0,0,0,0,0,0,0,0,0,0,0,0,0,0,0,0,0,0,0,0,0,0,0,0,0,0,0,0,0,0,0,0,
0,0,0,0,0,0,0,0,0,0,0,0,0,0,0,0,0,0,0,0,0,0,0,0,0,0,0,0,0,0,0,0,0,0,0,0,0,0,0,0,
0,0,0,0,0,0,0,0,0,0,0,0,0,0,0,0,0,0,0,0,0,0,0,0,0,0,0,0,0,0,0,0,0,0,0,0,0,0,0,0,
0,0,0,0,0,0,0,0,0,0,0,0,0,0,0,0,0,0,0,0,0,0,0,0,0,0,0,0,0,0,0,0,0,0,0,0,0,0,0,0,
0,0,0,0,0,0,0,0,0,0,0,0,0,0,0,0,0,0,0,0,0,0,0,0,0,0,0,0,0,0,0,0,0,0,0,0,0,0,0,0,
0,0,0,0,0,0,0,0,0,0,0,0,0,0,0,0,0,0,11896,11897,11898,11899,0,0,0,0,0,0,0,0,0,0,0,0,0,0,0,0,0,0,
0,0,0,0,0,0,0,0,0,0,0,0,0,0,0,0,0,0,11900,11901,11902,11903,0,0,0,0,0,0,0,0,0,0,0,0,0,0,0,0,0,0,
0,0,0,0,0,0,0,0,0,0,0,0,0,0,0,0,0,0,11904,11905,11906,11907,0,0,0,0,0,0,0,0,0,0,0,0,0,0,0,0,0,0,
0,0,0,0,0,0,0,0,0,0,0,0,0,0,0,0,0,0,11908,11909,11910,11911,0,0,0,0,0,0,0,0,0,0,0,0,0,0,0,0,0,0,
0,0,0,0,0,0,0,0,0,0,0,0,0,0,0,0,0,0,0,0,0,0,0,0,0,0,0,0,0,0,0,0,0,0,0,0,0,0,0,0,
0,0,0,0,0,0,0,0,0,0,0,0,0,0,0,0,0,0,0,0,0,0,0,0,0,0,0,0,0,0,0,0,0,0,0,0,0,0,0,0,
0,0,0,0,0,0,0,0,0,0,0,0,0,0,0,0,0,0,0,0,0,0,0,0,0,0,0,0,0,0,0,0,0,0,0,0,0,0,0,0,
0,0,0,0,0,0,0,0,0,0,0,0,0,0,0,0,0,0,0,0,0,0,0,0,0,0,0,0,0,0,0,0,0,0,0,0,0,0,0,0,
0,0,0,0,0,0,0,0,0,0,0,0,0,0,0,0,0,0,0,0,0,0,0,0,0,0,0,0,0,0,0,0,0,0,0,0,0,0,0,0,
0,0,0,0,0,0,0,0,0,0,0,0,0,0,0,0,0,0,0,0,0,0,0,0,0,0,0,0,0,0,0,0,0,0,0,0,0,0,0,0,
0,0,0,0,0,0,0,0,0,0,0,0,0,0,0,0,0,0,0,0,0,0,0,0,0,0,0,0,0,0,0,0,0,0,0,0,0,0,0,0,
0,0,0,0,0,0,0,0,0,0,0,0,0,0,0,0,0,0,0,0,0,0,0,0,0,0,0,0,0,0,0,0,0,0,0,0,0,0,0,0,
0,0,0,0,0,0,0,0,0,0,0,0,0,0,0,0,0,0,0,0,0,0,0,0,0,0,0,0,0,0,0,0,0,0,0,0,0,0,0,0,
0,0,0,0,0,0,0,0,0,0,0,0,0,0,0,0,0,0,0,0,0,0,0,0,0,0,0,0,0,0,0,0,0,0,0,0,0,0,0,0,
0,0,0,0,0,0,0,0,0,0,0,0,0,0,0,0,0,0,0,0,0,0,0,0,0,0,0,0,0,0,0,0,0,0,0,0,0,0,0,0,
0,0,0,0,0,0,0,0,0,0,0,0,0,0,0,0,0,0,0,0,0,0,0,0,0,0,0,0,0,0,0,0,0,0,0,0,0,0,0,0,
0,0,0,0,0,0,0,0,0,0,0,0,0,0,0,0,0,0,0,0,0,0,0,0,0,0,0,0,0,0,0,0,0,0,0,0,0,0,0,0,
0,0,0,0,0,0,0,0,0,0,0,0,0,0,0,0,0,0,0,0,0,0,0,0,0,0,0,0,0,0,0,0,0,0,0,0,0,0,0,0,
0,0,0,0,0,0,0,0,0,0,0,0,0,0,0,0,0,0,0,0,0,0,0,0,0,0,0,0,0,0,0,0,0,0,0,0,0,0,0,0,
0,0,0,0,0,0,0,0,0,0,0,0,0,0,0,0,0,0,0,0,0,0,0,0,0,0,0,0,0,0,0,0,0,0,0,0,0,0,0,0,
0,0,0,0,0,0,0,0,0,0,0,0,0,0,0,0,0,0,0,0,0,0,0,0,0,0,0,0,0,0,0,0,0,0,0,0,0,0,0,0,
0,0,0,0,0,0,0,0,0,0,0,0,0,0,0,0,0,0,0,0,0,0,0,0,0,0,0,0,0,0,0,0,0,0,0,0,0,0,0,0,
0,0,0,0,0,0,0,0,0,0,0,0,0,0,0,0,0,0,0,0,0,0,0,0,0,0,0,0,0,0,0,0,0,0,0,0,0,0,0,0,
0,0,0,0,0,0,0,0,0,0,0,0,0,0,0,0,0,0,0,0,0,0,0,0,0,0,0,0,0,0,0,0,0,0,0,0,0,0,0,0,
0,0,0,0,0,0,0,0,0,0,0,0,0,0,0,0,0,0,0,0,0,0,0,0,0,0,0,0,0,0,0,0,0,0,0,0,0,0,0,0,
0,0,0,0,0,0,0,0,0,0,0,0,0,0,0,0,0,0,0,0,0,0,0,0,0,0,0,0,0,0,0,0,0,0,0,0,0,0,0,0,
0,0,0,0,0,0,0,0,0,0,0,0,0,0,0,0,0,0,0,0,0,0,0,0,0,0,0,0,0,0,0,0,0,0,0,0,0,0,0,0,
0,0,0,0,0,0,0,0,0,0,0,0,0,0,0,0,0,0,0,0,0,0,0,0,0,0,0,0,0,0,0,0,0,0,0,0,0,0,0,0,
0,0,0,0,0,0,0,0,0,0,0,0,0,0,0,0,0,0,0,0,0,0,0,0,0,0,0,0,0,0,0,0,0,0,0,0,0,0,0,0,
0,0,0,0,0,0,0,0,0,0,0,0,0,0,0,0,0,0,0,0,0,0,0,0,0,0,0,0,0,0,0,0,0,0,0,0,0,0,0,0,
0,0,0,0,0,0,0,0,0,0,0,0,0,0,0,0,0,0,0,0,0,0,0,0,0,0,0,0,0,0,0,0,0,0,0,0,0,0,0,0,
0,0,0,0,0,0,0,0,0,0,0,0,0,0,0,0,0,0,0,0,0,0,0,0,0,0,0,0,0,0,0,0,0,0,0,0,0,0,0,0,
0,0,0,0,0,0,0,0,0,0,0,0,0,0,0,0,0,0,0,0,0,0,0,0,0,0,0,0,0,0,0,0,0,0,0,0,0,0,0,0,
0,0,0,0,0,0,0,0,0,0,0,0,0,0,0,0,0,0,0,0,0,0,0,0,0,0,0,0,0,0,0,0,0,0,0,0,0,0,0,0,
0,0,0,0,0,0,0,0,0,0,0,0,0,0,0,0,0,0,0,0,0,0,0,0,0,0,0,0,0,0,0,0,0,0,0,0,0,0,0,0,
0,0,0,0,0,0,0,0,0,0,0,0,0,0,0,0,0,0,0,0,0,0,0,0,0,0,0,0,0,0,0,0,0,0,0,0,0,0,0,0,
0,0,0,0,0,0,0,0,0,0,0,0,0,0,0,0,0,0,0,0,0,0,0,0,0,0,0,0,0,0,0,0,0,0,0,0,0,0,0,0,
0,0,0,0,0,0,0,0,0,0,0,0,0,0,0,0,0,0,0,0,0,0,0,0,0,0,0,0,0,0,0,0,0,0,0,0,0,0,0,0,
0,0,0,0,0,0,0,0,0,0,0,0,0,0,0,0,0,0,0,0,0,0,0,0,0,0,0,0,0,0,0,0,0,0,0,0,0,0,0,0,
0,0,0,0,0,0,0,0,0,0,0,0,0,0,0,0,0,0,0,0,0,0,0,0,0,0,0,0,0,0,0,0,0,0,0,0,0,0,0,0,
0,0,0,0,0,0,0,0,0,0,0,0,0,0,0,0,0,0,0,0,0,0,0,0,0,0,0,0,0,0,0,0,0,0,0,0,0,0,0,0,
0,0,0,0,0,0,0,0,0,0,0,0,0,0,0,0,0,0,0,0,0,0,0,0,0,0,0,0,0,0,0,0,0,0,0,0,0,0,0,0,
0,0,0,0,0,0,0,0,0,0,0,0,0,0,0,0,0,0,0,0,0,0,0,0,0,0,0,0,0,0,0,0,0,0,0,0,0,0,0,0

[layer]
type=Zelda
data=
0,0,0,0,0,0,0,0,0,0,0,0,0,0,0,0,0,0,0,0,0,0,0,0,0,0,0,0,0,0,0,0,0,0,0,0,0,0,0,0,
0,0,0,0,0,0,0,0,0,0,0,0,0,0,0,0,0,0,0,0,0,0,0,0,0,0,0,0,0,0,0,0,0,0,0,0,0,0,0,0,
0,0,0,0,0,0,0,0,0,0,0,0,0,0,0,0,0,0,0,0,0,0,0,0,0,0,0,0,0,0,0,0,0,0,0,0,0,0,0,0,
0,0,0,0,0,0,0,0,0,0,0,0,0,0,0,0,0,0,0,0,0,0,0,0,0,0,0,0,0,0,0,0,0,0,0,0,0,0,0,0,
0,0,0,0,0,0,0,0,0,0,0,0,0,0,0,0,0,0,0,0,0,0,0,0,0,0,0,0,0,0,0,0,0,0,0,0,0,0,0,0,
0,0,0,0,0,0,0,0,0,0,0,0,0,0,0,0,0,0,0,0,0,0,0,0,0,0,0,0,0,0,0,0,0,0,0,0,0,0,0,0,
0,0,0,0,0,0,0,0,0,0,0,0,0,0,0,0,0,0,0,0,0,0,0,0,0,0,0,0,0,0,0,0,0,0,0,0,0,0,0,0,
0,0,0,0,0,0,0,0,0,0,0,0,0,0,0,0,0,0,0,0,0,0,11912,11913,0,0,0,0,0,0,0,0,0,0,0,0,0,0,0,0,
0,0,0,0,0,0,0,0,0,0,0,0,0,0,0,0,0,0,0,0,0,0,11914,11915,0,0,0,0,0,0,0,0,0,0,0,0,0,0,0,0,
0,0,0,0,0,0,0,0,0,0,0,0,0,0,0,0,0,0,0,0,0,0,0,0,0,0,0,0,0,0,0,0,0,0,0,0,0,0,0,0,
0,0,0,0,0,0,0,0,0,0,0,0,0,0,0,0,0,0,0,0,0,0,0,0,0,0,0,0,0,0,0,0,0,0,0,0,0,0,0,0,
0,0,0,0,0,0,0,0,0,0,0,0,0,0,0,0,0,0,0,0,0,0,0,0,0,0,0,0,0,0,0,0,0,0,0,0,0,0,0,0,
0,0,0,0,0,0,0,0,0,0,0,0,0,0,0,0,0,0,0,0,0,0,0,0,0,0,0,0,0,0,0,0,0,0,0,0,0,0,0,0,
0,0,0,0,0,0,0,0,0,0,0,0,0,0,0,0,0,0,0,0,0,0,0,0,0,0,0,0,0,0,0,0,0,0,0,0,0,0,0,0,
0,0,0,0,0,0,0,0,0,0,0,0,0,0,0,0,0,0,0,0,0,0,0,0,0,0,0,0,0,0,0,0,0,0,0,0,0,0,0,0,
0,0,0,0,0,0,0,0,0,0,0,0,0,0,0,0,0,0,0,0,0,0,0,0,0,0,0,0,0,0,0,0,0,0,0,0,0,0,0,0,
0,0,0,0,0,0,0,0,0,0,0,0,0,0,0,0,0,0,0,0,0,0,0,0,0,0,0,0,0,0,0,0,0,0,0,0,0,0,0,0,
0,0,0,0,0,0,0,0,0,0,0,0,0,0,0,0,0,0,0,0,0,0,0,0,0,0,0,0,0,0,0,0,0,0,0,0,0,0,0,0,
0,0,0,0,0,0,0,0,0,0,0,0,0,0,0,0,0,0,0,0,0,0,0,0,0,0,0,0,0,0,0,0,0,0,0,0,0,0,0,0,
0,0,0,0,0,0,0,0,0,0,0,0,0,0,0,0,0,0,0,0,0,0,0,0,0,0,0,0,0,0,0,0,0,0,0,0,0,0,0,0,
0,0,0,0,0,0,0,0,0,0,0,0,0,0,0,0,0,0,0,0,0,0,0,0,0,0,0,0,0,0,0,0,0,0,0,0,0,0,0,0,
0,0,0,0,0,0,0,0,0,0,0,0,0,0,0,0,0,0,0,0,0,0,0,0,0,0,0,0,0,0,0,0,0,0,0,0,0,0,0,0,
0,0,0,0,0,0,0,0,0,0,0,0,0,0,0,0,0,0,0,0,0,0,0,0,0,0,0,0,0,0,0,0,0,0,0,0,0,0,0,0,
0,0,0,0,0,0,0,0,0,0,0,0,0,0,0,0,0,0,0,0,0,0,0,0,0,0,0,0,0,0,0,0,0,0,0,0,0,0,0,0,
0,0,0,0,0,0,0,0,0,0,0,0,0,0,0,0,0,0,0,0,0,0,0,0,0,0,0,0,0,0,0,0,0,0,0,0,0,0,0,0,
0,0,0,0,0,0,0,0,0,0,0,0,0,0,0,0,0,0,0,0,0,0,0,0,0,0,0,0,0,0,0,0,0,0,0,0,0,0,0,0,
0,0,0,0,0,0,0,0,0,0,0,0,0,0,0,0,0,0,0,0,0,0,0,0,0,0,0,0,0,0,0,0,0,0,0,0,0,0,0,0,
0,0,0,0,0,0,0,0,0,0,0,0,0,0,0,0,0,0,0,0,0,0,0,0,0,0,0,0,0,0,0,0,0,0,0,0,0,0,0,0,
0,0,0,0,0,0,0,0,0,0,0,0,0,0,0,0,0,0,0,0,0,0,0,0,0,0,0,0,0,0,0,0,0,0,0,0,0,0,0,0,
0,0,0,0,0,0,0,0,0,0,0,0,0,0,0,0,0,0,0,0,0,0,0,0,0,0,0,0,0,0,0,0,0,0,0,0,0,0,0,0,
0,0,0,0,0,0,0,0,0,0,0,0,0,0,0,0,0,0,0,0,0,0,0,0,0,0,0,0,0,0,0,0,0,0,0,0,0,0,0,0,
0,0,0,0,0,0,0,0,0,0,0,0,0,0,0,0,0,0,0,0,0,0,0,0,0,0,0,0,0,0,0,0,0,0,0,0,0,0,0,0,
0,0,0,0,0,0,0,0,0,0,0,0,0,0,0,0,0,0,0,0,0,0,0,0,0,0,0,0,0,0,0,0,0,0,0,0,0,0,0,0,
0,0,0,0,0,0,0,0,0,0,0,0,0,0,0,0,0,0,0,0,0,0,0,0,0,0,0,0,0,0,0,0,0,0,0,0,0,0,0,0,
0,0,0,0,0,0,0,0,0,0,0,0,0,0,0,0,0,0,0,0,0,0,0,0,0,0,0,0,0,0,0,0,0,0,0,0,0,0,0,0,
0,0,0,0,0,0,0,0,0,0,0,0,0,0,0,0,0,0,0,0,0,0,0,0,0,0,0,0,0,0,0,0,0,0,0,0,0,0,0,0,
0,0,0,0,0,0,0,0,0,0,0,0,0,0,0,0,0,0,0,0,0,0,0,0,0,0,0,0,0,0,0,0,0,0,0,0,0,0,0,0,
0,0,0,0,0,0,0,0,0,0,0,0,0,0,0,0,0,0,0,0,0,0,0,0,0,0,0,0,0,0,0,0,0,0,0,0,0,0,0,0,
0,0,0,0,0,0,0,0,0,0,0,0,0,0,0,0,0,0,0,0,0,0,0,0,0,0,0,0,0,0,0,0,0,0,0,0,0,0,0,0,
0,0,0,0,0,0,0,0,0,0,0,0,0,0,0,0,0,0,0,0,0,0,0,0,0,0,0,0,0,0,0,0,0,0,0,0,0,0,0,0,
0,0,0,0,0,0,0,0,0,0,0,0,0,0,0,0,0,0,0,0,0,0,0,0,0,0,0,0,0,0,0,0,0,0,0,0,0,0,0,0,
0,0,0,0,0,0,0,0,0,0,0,0,0,0,0,0,0,0,0,0,0,0,0,0,0,0,0,0,0,0,0,0,0,0,0,0,0,0,0,0,
0,0,0,0,0,0,0,0,0,0,0,0,0,0,0,0,0,0,0,0,0,0,0,0,0,0,0,0,0,0,0,0,0,0,0,0,0,0,0,0,
0,0,0,0,0,0,0,0,0,0,0,0,0,0,0,0,0,0,0,0,0,0,0,0,0,0,0,0,0,0,0,0,0,0,0,0,0,0,0,0,
0,0,0,0,0,0,0,0,0,0,0,0,0,0,0,0,0,0,0,0,0,0,0,0,0,0,0,0,0,0,0,0,0,0,0,0,0,0,0,0,
0,0,0,0,0,0,0,0,0,0,0,0,0,0,0,0,0,0,0,0,0,0,0,0,0,0,0,0,0,0,0,0,0,0,0,0,0,0,0,0,
0,0,0,0,0,0,0,0,0,0,0,0,0,0,0,0,0,0,0,0,0,0,0,0,0,0,0,0,0,0,0,0,0,0,0,0,0,0,0,0,
0,0,0,0,0,0,0,0,0,0,0,0,0,0,0,0,0,0,0,0,0,0,0,0,0,0,0,0,0,0,0,0,0,0,0,0,0,0,0,0,
0,0,0,0,0,0,0,0,0,0,0,0,0,0,0,0,0,0,0,0,0,0,0,0,0,0,0,0,0,0,0,0,0,0,0,0,0,0,0,0,
0,0,0,0,0,0,0,0,0,0,0,0,0,0,0,0,0,0,0,0,0,0,0,0,0,0,0,0,0,0,0,0,0,0,0,0,0,0,0,0

[layer]
type=Tile Type
data=
0,0,0,0,0,0,0,0,0,0,0,0,0,0,0,0,0,0,0,0,0,0,0,0,0,0,0,0,0,0,0,0,0,0,0,0,0,0,0,0,
0,0,0,0,0,0,0,0,0,0,0,0,0,0,0,0,0,0,0,0,0,0,0,0,0,0,0,0,0,0,0,0,0,0,0,0,0,0,0,0,
0,0,0,0,0,0,0,0,0,0,0,0,0,0,0,0,0,0,0,0,0,0,0,0,0,0,0,0,0,0,0,0,0,0,0,0,0,0,0,0,
0,0,0,0,0,0,0,0,0,0,0,0,0,0,0,0,0,0,0,0,0,0,0,0,0,0,0,0,0,0,0,0,0,0,0,0,0,0,0,0,
0,0,0,0,0,0,0,0,0,0,0,0,0,0,0,0,0,0,0,0,0,0,0,0,0,0,0,0,0,0,0,0,0,0,0,0,0,0,0,0,
0,0,0,0,0,0,0,0,0,0,0,0,0,0,11876,11876,11876,11876,11876,11876,11876,11876,11876,11876,11876,11876,0,0,0,0,0,0,0,0,0,0,0,0,0,0,
0,0,0,0,0,0,0,0,0,0,0,0,0,0,11876,0,0,0,11876,11876,11876,11876,0,0,0,11876,0,0,0,0,0,0,0,0,0,0,0,0,0,0,
0,0,0,0,0,0,0,0,0,0,0,0,0,0,11876,0,0,0,0,11884,11884,0,0,0,0,11876,0,0,0,0,0,0,0,0,0,0,0,0,0,0,
0,0,0,0,0,0,0,0,0,0,0,0,11876,11876,11876,0,0,0,11884,11884,11884,11884,0,0,0,11876,11876,11876,0,0,0,0,0,0,0,0,0,0,0,0,
0,0,0,0,0,0,0,0,0,0,0,0,11876,0,0,11876,11876,11876,0,11884,11884,0,11876,11876,11876,0,0,11876,0,0,0,0,0,0,0,0,0,0,0,0,
0,0,0,0,0,0,0,0,0,0,0,0,11876,0,0,11876,11876,11876,0,0,0,0,11876,11876,11876,0,0,11876,0,0,0,0,0,0,0,0,0,0,0,0,
0,0,0,0,0,0,0,0,0,0,0,0,11876,0,0,11876,11876,11876,11884,11884,11884,11884,11876,11876,11876,0,0,11876,0,0,0,0,0,0,0,0,0,0,0,0,
0,0,0,0,0,0,0,0,0,0,0,0,11876,0,0,11876,0,0,0,0,0,0,0,0,11876,0,0,11876,0,0,0,0,0,0,0,0,0,0,0,0,
0,0,0,0,0,0,0,0,0,0,0,0,11876,0,0,11876,11876,11876,11876,0,0,11876,11876,11876,11876,0,0,11876,0,0,0,0,0,0,0,0,0,0,0,0,
0,0,0,0,0,0,0,0,0,0,0,0,11876,0,0,0,0,0,0,0,0,0,0,0,0,0,0,11876,0,0,0,0,0,0,0,0,0,0,0,0,
0,0,0,0,0,0,0,0,0,0,0,0,11876,0,0,0,0,0,0,0,0,0,0,0,0,0,0,11876,0,0,0,0,0,0,0,0,0,0,0,0,
0,0,0,0,0,0,0,0,0,0,0,0,11876,0,0,0,0,0,0,0,0,0,0,0,0,0,0,11876,0,0,0,0,0,0,0,0,0,0,0,0,
0,0,0,0,0,0,0,0,0,11876,11876,11876,11876,0,0,0,0,0,0,0,0,0,0,0,0,0,0,11876,11876,11876,11876,0,0,0,0,0,0,0,0,0,
0,0,0,0,0,0,0,0,11876,0,0,0,0,0,0,0,0,0,0,0,0,0,0,0,0,0,0,0,0,0,0,11876,0,0,0,0,0,0,0,0,
0,0,0,0,0,0,0,11876,0,0,0,11876,11876,11876,11876,11876,11876,11876,11876,0,0,11876,11876,11876,11876,11876,11876,11876,11876,0,0,0,11876,0,0,0,0,0,0,0,
0,0,0,0,0,0,11876,0,0,0,0,11876,11876,11876,11876,11876,11876,11876,11876,0,0,11876,11876,11876,11876,11876,11876,11876,11876,0,0,0,0,11876,0,0,0,0,0,0,
0,0,0,0,0,0,11876,0,0,0,0,11876,11876,0,0,0,0,11876,11876,0,0,11876,11876,0,0,0,0,11876,11876,0,0,0,0,11876,0,0,0,0,0,0,
0,0,0,0,0,0,11876,0,0,0,0,11876,11876,0,0,0,0,11876,11876,0,0,11876,11876,0,0,0,0,11876,11876,0,0,0,0,11876,0,0,0,0,0,0,
0,0,0,0,0,0,11876,11876,11876,11876,11876,11876,11876,0,0,0,0,0,0,0,0,0,0,0,0,0,0,11876,11876,11876,11876,11876,11876,11876,0,0,0,0,0,0,
0,0,0,0,0,0,0,0,0,0,0,0,11876,0,0,0,0,0,0,0,0,0,0,0,0,0,0,11876,0,0,0,0,0,0,0,0,0,0,0,0,
0,0,0,0,0,0,0,11876,11876,11876,11876,11876,11876,0,0,0,0,0,0,0,0,0,0,0,0,0,0,11876,11876,11876,11876,11876,11876,0,0,0,0,0,0,0,
0,0,0,0,0,0,0,11876,0,0,0,0,0,0,0,0,0,0,0,0,0,0,0,0,0,0,0,0,0,0,0,0,11876,0,0,0,0,0,0,0,
0,0,0,0,0,0,0,11876,0,0,0,0,0,0,0,0,0,0,0,0,0,0,0,0,0,0,0,0,0,0,0,0,11876,0,0,0,0,0,0,0,
0,0,0,0,0,0,0,11876,0,0,0,0,11876,0,0,0,0,0,0,0,0,0,0,0,0,0,0,11876,0,0,0,0,11876,0,0,0,0,0,0,0,
0,0,0,0,0,0,0,11876,0,0,0,0,11876,0,0,0,0,0,0,0,0,0,0,0,0,0,0,11876,0,0,0,0,11876,0,0,0,0,0,0,0,
0,0,0,0,0,0,0,11876,0,0,0,0,0,0,0,0,0,0,11876,0,0,11876,0,0,0,0,0,0,0,0,0,0,11876,0,0,0,0,0,0,0,
0,0,0,0,0,0,0,11876,0,0,0,0,0,0,0,0,0,0,11876,0,0,11876,0,0,0,0,0,0,0,0,0,0,11876,0,0,0,0,0,0,0,
0,0,0,0,0,0,0,11876,0,0,0,0,0,0,0,0,0,0,0,0,0,0,0,0,0,0,0,0,0,0,0,0,11876,0,0,0,0,0,0,0,
0,0,0,0,0,0,0,0,11876,0,0,0,0,0,0,0,0,0,0,0,0,0,0,0,0,0,0,0,0,0,0,11876,0,0,0,0,0,0,0,0,
0,0,0,0,0,0,0,0,0,11876,0,0,0,0,0,0,0,11876,0,0,0,0,11876,0,0,0,0,0,0,0,11876,0,0,0,0,0,0,0,0,0,
0,0,0,0,0,0,0,0,0,0,11876,11876,11876,11876,11876,0,0,0,0,0,0,0,0,0,0,11876,11876,11876,11876,11876,0,0,0,0,0,0,0,0,0,0,
0,0,0,0,0,0,0,0,0,0,0,0,0,0,11876,0,0,11876,0,0,0,0,11876,0,0,11876,0,0,0,0,0,0,0,0,0,0,0,0,0,0,
0,0,0,0,0,0,0,0,0,0,0,0,0,0,11876,0,0,0,0,0,0,0,0,0,0,11876,0,0,0,0,0,0,0,0,0,0,0,0,0,0,
0,0,0,0,0,0,0,0,0,0,0,0,0,0,11876,0,0,11876,0,0,0,0,11876,0,0,11876,0,0,0,0,0,0,0,0,0,0,0,0,0,0,
0,0,0,0,0,0,0,0,0,0,0,0,0,0,11876,0,0,0,0,0,0,0,0,0,0,11876,0,0,0,0,0,0,0,0,0,0,0,0,0,0,
0,0,0,0,0,0,0,0,0,0,0,0,0,0,11876,0,0,11876,0,0,0,0,11876,0,0,11876,0,0,0,0,0,0,0,0,0,0,0,0,0,0,
0,0,0,0,0,0,0,0,0,0,0,0,0,0,11876,0,0,0,0,11879,0,0,0,0,0,11876,0,0,0,0,0,0,0,0,0,0,0,0,0,0,
0,0,0,0,0,0,0,0,0,0,0,0,0,0,11876,11876,11876,11876,11876,11886,11886,11876,11876,11876,11876,11876,0,0,0,0,0,0,0,0,0,0,0,0,0,0,
0,0,0,0,0,0,0,0,0,0,0,0,0,0,0,0,0,0,0,0,0,0,0,0,0,0,0,0,0,0,0,0,0,0,0,0,0,0,0,0,
0,0,0,0,0,0,0,0,0,0,0,0,0,0,0,0,0,0,0,0,0,0,0,0,0,0,0,0,0,0,0,0,0,0,0,0,0,0,0,0,
0,0,0,0,0,0,0,0,0,0,0,0,0,0,0,0,0,0,0,0,0,0,0,0,0,0,0,0,0,0,0,0,0,0,0,0,0,0,0,0,
0,0,0,0,0,0,0,0,0,0,0,0,0,0,0,0,0,0,0,0,0,0,0,0,0,0,0,0,0,0,0,0,0,0,0,0,0,0,0,0,
0,0,0,0,0,0,0,0,0,0,0,0,0,0,0,0,0,0,0,0,0,0,0,0,0,0,0,0,0,0,0,0,0,0,0,0,0,0,0,0,
0,0,0,0,0,0,0,0,0,0,0,0,0,0,0,0,0,0,0,0,0,0,0,0,0,0,0,0,0,0,0,0,0,0,0,0,0,0,0,0,
0,0,0,0,0,0,0,0,0,0,0,0,0,0,0,0,0,0,0,0,0,0,0,0,0,0,0,0,0,0,0,0,0,0,0,0,0,0,0,0

