[header]
width=60
height=45
tilewidth=32
tileheight=32

[tilesets]
tileset=./Sprites/zeldaTileset32.gif,32,32,0,0

[layer]
type=Tile Layer 1
data=
1283,1283,1283,1283,1283,1283,1283,1283,1283,1283,1283,1283,1283,1283,1283,1283,1283,1283,1283,1283,1283,1283,1283,1283,1283,1283,1283,1283,1283,1283,1283,1283,1283,1283,1283,1283,1283,1283,1283,1283,1283,1283,1283,1283,1283,1283,1283,1283,1283,1283,1283,1283,1283,1283,1283,1283,1283,1283,1283,1283,
1283,1283,1283,1283,1283,1283,1283,1283,1283,1283,1283,1283,1283,1283,1283,1283,1283,1283,1283,1283,1283,1283,1283,1283,1283,1283,1283,1283,1283,1283,1283,1283,1283,1283,1283,1283,1283,1283,1283,1283,1283,1283,1283,1283,1283,1283,1283,1283,1283,1283,1283,1283,1283,1283,1283,1283,1283,1283,1283,1283,
1283,1283,1736,1991,1991,1991,1991,1991,1991,1991,1991,1991,1991,1991,1991,1991,1991,1991,1991,1991,1991,1991,1991,1991,1991,1991,1991,1991,1991,1991,1991,1991,1991,1991,1991,1991,1991,1991,1991,1991,1991,1991,1991,1991,1991,1991,1991,1991,1991,1991,1991,1991,1991,1991,1991,1991,1991,1607,1283,1283,
1283,1283,1740,2000,2000,2000,2000,2000,2000,2000,2000,2000,2000,2000,2000,2000,2000,2000,2000,2000,1476,2000,2000,2000,2000,2000,2000,2000,2000,2000,2000,2000,2000,2000,2000,2000,2000,2000,2000,2000,1476,2000,2000,2000,2000,2000,2000,2000,2000,2000,2000,2000,2000,2000,2000,2000,2000,1861,1283,1283,
1283,1283,1740,2000,2000,2000,2000,2000,2000,2000,2000,2000,2000,2000,2000,2000,2000,2000,2000,2000,1476,2000,2000,2000,2000,2000,2000,2000,2000,2000,2000,2000,2000,2000,2000,2000,2000,2000,2000,2000,1476,2000,2000,2000,2000,2000,2000,2000,2000,2000,2000,2000,2000,2000,2000,2000,2000,1861,1283,1283,
1283,1283,1740,2000,2000,2000,2000,2000,2000,2000,2000,2000,2000,2000,2000,2000,2000,2000,2000,2000,1476,2000,2000,2000,2000,2000,2000,2000,2000,2000,2000,2000,2000,2000,2000,2000,2000,2000,2000,2000,1476,2000,2000,2000,2000,2000,2000,2000,2000,2000,2000,2000,2000,2000,2000,2000,2000,1861,1283,1283,
1283,1283,1740,2000,2000,2000,2000,2000,2000,2000,2000,2000,2000,2000,2000,2000,2000,2000,2000,2000,1476,2000,2000,2000,2000,2000,2000,2000,2000,2000,2000,2000,2000,2000,2000,2000,2000,2000,2000,2000,1476,2000,2000,2000,2000,2000,2000,2000,2000,2000,2000,2000,2000,2000,2000,2000,2000,1861,1283,1283,
1283,1283,1740,2000,2000,3,4,2000,2000,3,4,2000,2000,3,4,2000,2000,3,4,2000,1476,2000,2000,2000,2000,2000,2000,2000,2000,2000,2000,2000,2000,2000,2000,2000,2000,2000,2000,2000,1476,2000,2000,2000,2000,2000,2000,2000,2000,2000,2000,2000,2000,2000,2000,2000,2000,1861,1283,1283,
1283,1283,1740,2000,2000,67,68,2000,2000,67,68,2000,2000,67,68,2000,2000,67,68,2000,1476,2000,2000,2000,2000,2000,2000,2000,2000,2000,2000,2000,2000,2000,2000,2000,2000,2000,2000,2000,1476,2000,2000,2000,2000,2000,2000,2000,2000,2000,2000,2000,2000,2000,2000,2000,2000,1861,1283,1283,
1283,1283,1740,2000,2000,2000,2000,2000,2000,2000,2000,2000,2000,2000,2000,2000,2000,2000,2000,2000,1476,2000,2000,2000,2000,2000,2000,2000,2000,2000,2000,2000,2000,2000,2000,2000,2000,2000,2000,2000,1476,2000,2000,2000,2000,2000,2000,2000,2000,2000,2000,2000,2000,2000,2000,2000,2000,1861,1283,1283,
1283,1283,1740,2000,2000,2000,2000,2000,2000,2000,2000,2000,2000,2000,2000,2000,2000,2000,2000,2000,1476,2000,2000,2000,2000,2000,2000,2000,2000,2000,2000,2000,2000,2000,2000,2000,2000,2000,2000,2000,1476,2000,2000,2000,2000,2000,2000,2000,2000,2000,2000,2000,2000,2000,2000,2000,2000,1861,1283,1283,
1283,1283,1740,2000,2000,3,4,2000,2000,3,4,2000,2000,3,4,2000,2000,3,4,2000,1476,2000,2000,2000,2000,2000,2000,2000,2000,2000,2000,2000,2000,2000,2000,2000,2000,2000,2000,2000,1476,2000,2000,2000,2000,2000,2000,2000,2000,2000,2000,2000,2000,2000,2000,2000,2000,1861,1283,1283,
1283,1283,1740,2000,2000,67,68,2000,2000,67,68,2000,2000,67,68,2000,2000,67,68,2000,1476,2000,2000,2000,2000,2000,2000,2000,2000,2000,2000,2000,2000,2000,2000,2000,2000,2000,2000,2000,1476,2000,2000,2000,2000,2000,2000,2000,2000,2000,2000,2000,2000,2000,2000,2000,2000,1861,1283,1283,
1283,1283,1740,2000,2000,2000,2000,2000,2000,2000,2000,2000,2000,2000,2000,2000,2000,2000,2000,2000,1476,2000,2000,2000,2000,2000,2000,2000,2000,2000,2000,2000,2000,2000,2000,2000,2000,2000,2000,2000,1476,2000,2000,2000,2000,2000,2000,2000,2000,2000,2000,2000,2000,2000,2000,2000,2000,1861,1283,1283,
1283,1283,1740,2000,2000,2000,2000,2000,2000,2000,2000,2000,2000,2000,2000,2000,2000,2000,2000,2000,1476,2000,2000,2000,2000,2000,2000,2000,2000,2000,2000,2000,2000,2000,2000,2000,2000,2000,2000,2000,1476,2000,2000,2000,2000,2000,2000,2000,2000,2000,2000,2000,2000,2000,2000,2000,2000,1861,1283,1283,
1283,1283,1740,1476,1476,1476,1476,1476,1476,1476,1476,1476,1476,1476,1476,1476,1476,1476,1476,1476,1476,1476,1476,1476,1476,1476,1476,1476,1476,1476,1476,1476,1476,1476,1476,1476,1476,1476,1476,1476,1476,1476,1476,1476,1476,1476,1476,1476,1476,1476,1476,1476,1476,1476,1476,1476,1476,1861,1283,1283,
1283,1283,1740,2000,2000,2000,2000,2000,2000,2000,2000,2000,2000,2000,2000,2000,2000,2000,2000,2000,1476,2000,2000,2000,2000,2000,2000,2000,2000,2000,2000,2000,2000,2000,2000,2000,2000,2000,2000,2000,1476,2000,2000,2000,2000,2000,2000,2000,2000,2000,2000,2000,2000,2000,2000,2000,2000,1861,1283,1283,
1283,1283,1740,2000,2000,2000,2000,2000,2000,2000,2000,2000,2000,2000,2000,2000,2000,2000,2000,2000,1476,2000,2000,2000,2000,2000,2000,2000,2000,2000,2000,2000,2000,2000,2000,2000,2000,2000,2000,2000,1476,2000,2000,2000,2000,2000,2000,2000,2000,2000,2000,2000,2000,2000,2000,2000,2000,1861,1283,1283,
1283,1283,1740,2000,2000,2000,2000,2000,2000,2000,2000,2000,2000,2000,2000,2000,2000,2000,2000,2000,1476,2000,2000,2000,2000,2000,2000,2000,2000,2000,2000,2000,2000,2000,2000,2000,2000,2000,2000,2000,1476,2000,2000,2000,2000,2000,2000,2000,2000,2000,2000,2000,2000,2000,2000,2000,2000,1861,1283,1283,
1283,1283,1740,2000,2000,2000,2000,2000,2000,2000,2000,2000,2000,2000,2000,2000,2000,2000,2000,2000,1476,2000,2000,2000,2000,2000,2000,2000,2000,2000,2000,2000,2000,2000,2000,2000,2000,2000,2000,2000,1476,2000,2000,2000,2000,2000,2000,2000,2000,2000,2000,2000,2000,2000,2000,2000,2000,1861,1283,1283,
1283,1283,1740,2000,2000,2000,2000,2000,2000,2000,2000,2000,2000,2000,2000,2000,2000,2000,2000,2000,1476,2000,2000,2000,2000,2000,2000,2000,2000,2000,2000,2000,2000,2000,2000,2000,2000,2000,2000,2000,1476,2000,2000,2000,2000,2000,2000,2000,2000,2000,2000,2000,2000,2000,2000,2000,2000,1861,1283,1283,
1283,1283,1740,2000,2000,2000,2000,2000,2000,2000,2000,2000,2000,2000,2000,2000,2000,2000,2000,2000,1476,2000,2000,2000,2000,2000,2000,2000,2000,2000,2000,2000,2000,2000,2000,2000,2000,2000,2000,2000,1476,2000,2000,2000,2000,2000,2000,2000,2000,2000,2000,2000,2000,2000,2000,2000,2000,1861,1283,1283,
1283,1283,1740,2000,2000,2000,2000,2000,2000,2000,2000,2000,2000,2000,2000,2000,2000,2000,2000,2000,1476,2000,2000,2000,2000,2000,2000,2000,2000,2000,2000,2000,2000,2000,2000,2000,2000,2000,2000,2000,1476,2000,2000,2000,2000,2000,2000,2000,2000,2000,2000,2000,2000,2000,2000,2000,2000,1861,1283,1283,
1283,1283,1740,2000,2000,2000,2000,2000,2000,2000,2000,2000,2000,2000,2000,2000,2000,2000,2000,2000,1476,2000,2000,2000,2000,2000,2000,2000,2000,2000,2000,2000,2000,2000,2000,2000,2000,2000,2000,2000,1476,2000,2000,2000,2000,2000,2000,2000,2000,2000,2000,2000,2000,2000,2000,2000,2000,1861,1283,1283,
1283,1283,1740,2000,2000,2000,2000,2000,2000,2000,2000,2000,2000,2000,2000,2000,2000,2000,2000,2000,1476,2000,2000,2000,2000,2000,2000,2000,2000,2000,2000,2000,2000,2000,2000,2000,2000,2000,2000,2000,1476,2000,2000,2000,2000,2000,2000,2000,2000,2000,2000,2000,2000,2000,2000,2000,2000,1861,1283,1283,
1283,1283,1740,2000,2000,2000,2000,2000,2000,2000,2000,2000,2000,2000,2000,2000,2000,2000,2000,2000,1476,2000,2000,2000,2000,2000,2000,2000,2000,2000,2000,2000,2000,2000,2000,2000,2000,2000,2000,2000,1476,2000,2000,2000,2000,2000,2000,2000,2000,2000,2000,2000,2000,2000,2000,2000,2000,1861,1283,1283,
1283,1283,1740,2000,2000,2000,2000,2000,2000,2000,2000,2000,2000,2000,2000,2000,2000,2000,2000,2000,1476,2000,2000,2000,2000,2000,2000,2000,2000,2000,2000,2000,2000,2000,2000,2000,2000,2000,2000,2000,1476,2000,2000,2000,2000,2000,2000,2000,2000,2000,2000,2000,2000,2000,2000,2000,2000,1861,1283,1283,
1283,1283,1740,2000,2000,2000,2000,2000,2000,2000,2000,2000,2000,2000,2000,2000,2000,2000,2000,2000,1476,2000,2000,2000,2000,2000,2000,2000,2000,2000,2000,2000,2000,2000,2000,2000,2000,2000,2000,2000,1476,2000,2000,2000,2000,2000,2000,2000,2000,2000,2000,2000,2000,2000,2000,2000,2000,1861,1283,1283,
1283,1283,1740,2000,2000,2000,2000,2000,2000,2000,2000,2000,2000,2000,2000,2000,2000,2000,2000,2000,1476,2000,2000,2000,2000,2000,2000,2000,2000,2000,2000,2000,2000,2000,2000,2000,2000,2000,2000,2000,1476,2000,2000,2000,2000,2000,2000,2000,2000,2000,2000,2000,2000,2000,2000,2000,2000,1861,1283,1283,
1283,1283,1740,2000,2000,2000,2000,2000,2000,2000,2000,2000,2000,2000,2000,2000,2000,2000,2000,2000,1476,2000,2000,2000,2000,2000,2000,2000,2000,2000,2000,2000,2000,2000,2000,2000,2000,2000,2000,2000,1476,2000,2000,2000,2000,2000,2000,2000,2000,2000,2000,2000,2000,2000,2000,2000,2000,1861,1283,1283,
1283,1283,1740,1476,1476,1476,1476,1476,1476,1476,1476,1476,1476,1476,1476,1476,1476,1476,1476,1476,1476,1476,1476,1476,1476,1476,1476,1476,1476,1476,1476,1476,1476,1476,1476,1476,1476,1476,1476,1476,1476,1476,1476,1476,1476,1476,1476,1476,1476,1476,1476,1476,1476,1476,1476,1476,1476,1861,1283,1283,
1283,1283,1740,2000,2000,2000,2000,2000,2000,2000,2000,2000,2000,2000,2000,2000,2000,2000,2000,2000,1476,2000,2000,2000,2000,2000,2000,2000,2000,2000,2000,2000,2000,2000,2000,2000,2000,2000,2000,2000,1476,2000,2000,2000,2000,2000,2000,2000,2000,2000,2000,2000,2000,2000,2000,2000,2000,1861,1283,1283,
1283,1283,1740,2000,2000,2000,2000,2000,2000,2000,2000,2000,2000,2000,2000,2000,2000,2000,2000,2000,1476,2000,2000,2000,2000,2000,2000,2000,2000,2000,2000,2000,2000,2000,2000,2000,2000,2000,2000,2000,1476,2000,2000,2000,2000,2000,2000,2000,2000,2000,2000,2000,2000,2000,2000,2000,2000,1861,1283,1283,
1283,1283,1740,2000,2000,2000,2000,2000,2000,2000,2000,2000,2000,2000,2000,2000,2000,2000,2000,2000,1476,2000,2000,2000,2000,2000,2000,2000,2000,2000,2000,2000,2000,2000,2000,2000,2000,2000,2000,2000,1476,2000,2000,2000,2000,2000,2000,2000,2000,2000,2000,2000,2000,2000,2000,2000,2000,1861,1283,1283,
1283,1283,1740,2000,2000,2000,2000,2000,2000,2000,2000,2000,2000,2000,2000,2000,2000,2000,2000,2000,1476,2000,2000,2000,2000,2000,2000,2000,2000,2000,2000,2000,2000,2000,2000,2000,2000,2000,2000,2000,1476,2000,2000,2000,2000,2000,2000,2000,2000,2000,2000,2000,2000,2000,2000,2000,2000,1861,1283,1283,
1283,1283,1740,2000,2000,2000,2000,2000,2000,2000,2000,2000,2000,2000,2000,2000,2000,2000,2000,2000,1476,2000,2000,2000,2000,2000,2000,2000,2000,2000,2000,2000,2000,2000,2000,2000,2000,2000,2000,2000,1476,2000,2000,2000,2000,2000,2000,2000,2000,2000,2000,2000,2000,2000,2000,2000,2000,1861,1283,1283,
1283,1283,1740,2000,2000,2000,2000,2000,2000,2000,2000,2000,2000,2000,2000,2000,2000,2000,2000,2000,1476,2000,2000,2000,2000,2000,2000,2000,2000,2000,2000,2000,2000,2000,2000,2000,2000,2000,2000,2000,1476,2000,2000,2000,2000,2000,2000,2000,2000,2000,2000,2000,2000,2000,2000,2000,2000,1861,1283,1283,
1283,1283,1740,2000,2000,2000,2000,2000,2000,2000,2000,2000,2000,2000,2000,2000,2000,2000,2000,2000,1476,2000,2000,2000,2000,2000,2000,2000,2000,2000,2000,2000,2000,2000,2000,2000,2000,2000,2000,2000,1476,2000,2000,2000,2000,2000,2000,2000,2000,2000,2000,2000,2000,2000,2000,2000,2000,1861,1283,1283,
1283,1283,1740,2000,2000,2000,2000,2000,2000,2000,2000,2000,2000,2000,2000,2000,2000,2000,2000,2000,1476,2000,2000,2000,2000,2000,2000,2000,2000,2000,2000,2000,2000,2000,2000,2000,2000,2000,2000,2000,1476,2000,2000,2000,2000,2000,2000,2000,2000,2000,2000,2000,2000,2000,2000,2000,2000,1861,1283,1283,
1283,1283,1740,2000,2000,2000,2000,2000,2000,2000,2000,2000,2000,2000,2000,2000,2000,2000,2000,2000,1476,2000,2000,2000,2000,2000,2000,2000,2000,2000,2000,2000,2000,2000,2000,2000,2000,2000,2000,2000,1476,2000,2000,2000,2000,2000,2000,2000,2000,2000,2000,2000,2000,2000,2000,2000,2000,1861,1283,1283,
1283,1283,1740,2000,2000,2000,2000,2000,2000,2000,2000,2000,2000,2000,2000,2000,2000,2000,2000,2000,1476,2000,2000,2000,2000,2000,2000,2000,2000,2000,2000,2000,2000,2000,2000,2000,2000,2000,2000,2000,1476,2000,2000,2000,2000,2000,2000,2000,2000,2000,2000,2000,2000,2000,2000,2000,2000,1861,1283,1283,
1283,1283,1740,2000,2000,2000,2000,2000,2000,2000,2000,2000,2000,2000,2000,2000,2000,2000,2000,2000,1476,2000,2000,2000,2000,2000,2000,2000,2000,2000,2000,2000,2000,2000,2000,2000,2000,2000,2000,2000,1476,2000,2000,2000,2000,2000,2000,2000,2000,2000,2000,2000,2000,2000,2000,2000,2000,1861,1283,1283,
1283,1283,1928,1797,1797,1797,1797,1797,1797,1797,1797,1797,1797,1797,1797,1797,1797,1797,1797,1797,1797,1797,1797,1797,1797,1797,1797,1797,1797,1797,1797,1797,1797,1797,1797,1797,1797,1797,1797,1797,1797,1797,1797,1797,1797,1797,1797,1797,1797,1797,1797,1797,1797,1797,1797,1797,1797,1799,1283,1283,
1283,1283,1283,1283,1283,1283,1283,1283,1283,1283,1283,1283,1283,1283,1283,1283,1283,1283,1283,1283,1283,1283,1283,1283,1283,1283,1283,1283,1283,1283,1283,1283,1283,1283,1283,1283,1283,1283,1283,1283,1283,1283,1283,1283,1283,1283,1283,1283,1283,1283,1283,1283,1283,1283,1283,1283,1283,1283,1283,1283,
1283,1283,1283,1283,1283,1283,1283,1283,1283,1283,1283,1283,1283,1283,1283,1283,1283,1283,1283,1283,1283,1283,1283,1283,1283,1283,1283,1283,1283,1283,1283,1283,1283,1283,1283,1283,1283,1283,1283,1283,1283,1283,1283,1283,1283,1283,1283,1283,1283,1283,1283,1283,1283,1283,1283,1283,1283,1283,1283,1283

